1
3,4,5
10,11,12,8,9,6,7
14,13
15
33,34,29,30,31,32,28,131,132,129,127,128,126,125,123,124,122,121,120,26,27,25,24,23,21,22,16,17,18,19,20
40,1,39,38,36,37,35
44,43,41,42
51,50,49,48,45,46,47
87,86,85,84,83,79,80,81,82,77,78,76,75,73,135,133,130,131,132,129,127,128,74,70,71,72,68,69,67,65,66,60,61,62,63,64,54,55,56,57,58,59,53,52
90,89,88
103,102,101,99,100,97,98,95,96,92,93,94,91
104
1,105
107,108,106
139,140,141,138,136,137,134,135,133,130,131,132,129,127,128,126,125,123,124,122,121,120,119,118,115,116,117,114,113,112,111,110,109
146,144,145,143,142
148,147
361,359,360,358,357,355,356,354,352,353,351,350,349,348,345,346,347,343,344,341,342,339,340,338,334,335,336,337,333,332,330,331,329,328,322,323,324,325,326,327,316,317,318,319,320,321,309,310,311,312,313,314,315,305,306,307,308,304,303,302,301,300,299,294,295,296,297,298,292,293,291,288,289,290,287,286,284,285,282,283,281,280,278,279,275,276,277,274,273,271,272,270,268,269,258,259,260,261,262,263,264,265,266,267,256,257,254,255,250,251,252,253,249,248,246,247,244,245,241,242,243,240,239,237,238,236,235,233,234,232,230,231,229,222,223,224,225,226,227,228,220,221,219,217,218,212,213,214,215,216,211,207,208,209,210,205,206,204,203,199,200,201,202,197,198,195,196,193,194,189,190,191,192,188,182,183,184,185,186,187,181,180,179,178,177,175,176,174,173,172,171,169,170,167,168,165,166,164,162,163,161,160,157,158,159,156,155,152,153,154,151,149,150
368,367,366,365,362,363,364
371,370,369
489,490,487,488,486,131,132,129,127,128,126,125,123,124,135,133,130,131,132,129,127,128,122,121,120,485,483,484,482,481,480,479,476,477,478,475,472,473,474,471,470,469,468,467,466,464,465,463,462,460,461,458,459,457,456,453,454,455,452,451,450,449,448,447,446,444,445,443,442,440,441,438,439,437,434,435,436,431,432,433,428,429,430,427,426,422,423,424,425,419,420,421,415,416,417,418,414,411,412,413,409,410,408,407,406,398,399,400,401,402,403,404,405,396,397,395,394,392,393,390,391,388,389,387,385,386,381,382,383,384,378,379,380,376,377,374,375,372,373,566,567,565,564,563,562,561,560,559,558,556,557,555,554,552,553,551,549,550,548,547,546,545,544,543,542,541,539,540,538,537,536,535,534,532,533,531,529,530,528,527,526,525,524,523,521,522,520,519,518,517,516,515,514,513,512,511,510,509,508,507,506,505,504,503,502,501,498,499,500,497,496,495,494,493,492,491
581,580,579,577,578,576,574,575,573,572,571,570,569,568
587,586,582,583,584,585
598,597,596,592,593,594,595,591,590,589,588
599
600
607,606,605,604,603,602,601
641,642,640,639,638,637,634,635,636,633,632,630,631,629,628,627,625,626,623,624,622,621,620,619,618,617,615,616,614,613,612,611,610,609,608
643,644
645
646
653,651,652,650,648,649,647
654,655
659,657,658,656
664,662,663,660,9437,9438,8827,9439,9440,9441,661
665,666
741,742,737,738,739,740,736,735,733,734,730,731,732,725,726,727,728,729,724,722,723,721,719,720,718,716,717,713,714,715,712,708,709,710,711,707,705,706,704,703,702,699,700,701,698,696,697,695,694,693,692,691,690,682,683,684,685,686,687,688,689,678,679,680,681,677,676,675,673,674,672,670,671,668,669,667
743,744,745,746
752,751,748,749,750,747
875,876,877,878,879,880,881,882,865,866,867,868,869,870,871,872,873,874,860,861,862,863,864,849,850,851,852,853,854,855,856,857,858,859,838,839,840,841,842,843,844,845,846,847,848,824,825,826,827,828,829,830,831,832,833,834,835,836,837,821,822,823,812,813,814,815,816,817,818,819,820,811,807,808,809,810,806,800,801,802,803,804,805,794,795,796,797,798,799,792,793,789,790,791,788,783,784,785,786,787,781,782,780,779,777,778,776,775,774,773,772,771,770,769,768,764,765,766,767,763,762,761,760,758,759,757,756,754,755,753
884,885,883
899,900,901,902,903,904,905,906,907,908,909,910,911,912,913,914,915,916,917,918,919,920,921,922,923,924,925,926,927,928,929,930,931,932,933,934,935,936,937,938,939,940,941,942,943,944,945,946,947,948,949,950,951,952,953,954,955,956,957,958,959,960,961,68,962,963,964,965,966,967,968,969,970,971,972,973,974,975,976,977,978,979,980,981,982,983,984,985,986,987,988,989,990,991,992,993,994,995,996,997,998,999,1000,1001,1002,1003,1004,1005,1006,1007,1008,1009,1010,1011,1012,1013,1014,1015,1016,1017,1018,1019,1020,1021,1022,1023,1024,1025,1026,1027,1028,1029,1030,1031,1032,1033,1034,1035,1036,1037,1038,1039,1040,1041,1042,1043,1044,1045,1046,1047,1048,1049,1050,1051,1052,1053,1054,1055,1056,1057,1058,1059,1060,1061,1062,1063,1064,1065,1066,1067,1068,1069,1070,1071,1072,1073,1074,1075,1076,1077,1078,1079,1080,1081,1082,1083,1084,1085,1086,1087,1088,1089,1090,894,895,896,897,898,891,892,893,886,887,888,889,890
1091,1092
1093,1094
1095,1096,1097,1098,1099,1100,1101,1102,1103,1104,1105,1106,1107,1108,1109,1110,1111,1112,1113,1114,1115,1116,1117,1118,1119,1120,1121,1122,1123,1124,1125,1126,1127,1128,1129,1130,1131,1132,1133,1134,1135,1136,1137,1138,1139,1140,1141,1142,1143,1144,1145,1146,1147,1148,1149,1150,1151,1152,1153,1154
1155,1156
1157,1158,1159,1160,1161,1162,1163,1164,1165,1166,1167,1168,1169,1170
1171,1172,1173,1174
1194,1193,1191,1192,1190,1189,1183,1184,135,133,130,131,132,129,127,128,1185,1186,1187,1188,1178,1179,1180,1181,1182,1175,1176,1177
1195
1196
1227,1226,1225,1222,1223,1224,1216,1217,135,133,130,131,132,129,127,128,1218,1219,1220,1221,1215,1214,1211,1212,1213,1210,859,1209,1207,1208,1204,1205,1206,1200,1201,1202,1203,1198,1199,1197,1228,1229,1230,1231,1232,1233,1234,1235,1236,1237,1238,1239,1240,1241,1242,1243,1244,1245,1246,1247,1248,1249,1250,1251,1252,1253,1254,1255,1256
1257
1258
1259
1260,1261
1262
1263,1264,1265,1266,1267
1268,1269,1270,1271,1272,1273,1274,1275,1276,1277,1278,1279,1280,1281
1282
1283,1284,1285,1286,1287,1288,1289,1290,1291
1292,1293,1294,1295,1296,1297,1298,1299,1300,1301,1302,1303,1304,1305,1306,1307,1308,1309,1310,1311,1312,1313,1314,1315,1316,1317,1318,1319,1320,1321,1322,1323,1324,1325,1326,1327,1328,1329,1330,1331,1332,1333,1334,1335,1336,1337,1338,1339,1202,1340,1341,1342,1343,1344,1345,1346,1347,1348,1349,1350,1351,1352,1353,1354,1355,1356,1357,1358,1359,1360,1361,1362,1363,1364,1365,1366,1367,1368,1369,1370,1371,1372,1373,1374,1375,1376,1377,1378,1379,1380,1381,1382,1383,1384,1385,1386,1387,1388,1389,1390,1391,1392,1393,1394,1395,1396,1397,1398,1399,1400,1401,1402,1403,1404,1405,1406,1407,1408,1409,1410,1411,1412,1413,1414,1415,1416,1417,1418,1419,1420,1421,1422,1423,1424,1425,1426,1427,1428,1429,1430,1431,1432,1433,1434,1435,1436,1437,1438,1439,1440,1441,1442,1443,1444,1445,1446,1447,1448,1449,1450,1451,1452,1453,1454,1455,1456,1457,1458,1459,1460,1461,1462,1463,1464,1465,1466,1467,1468,1469,1470,1471,1472,1473,1474,1475,1476,1477,1478,1479,1480,1481,1482,1483,1484,1485,1486,1487,1488,1489,1490,1491,1492,1493,1494,1495
1524,1525,1526,1527,1528,1529,1530,1531,1532,1533,1534,1535,1536,1537,1202,1538,1539,1540,1541,1542,1543
1544,1545,1546,1547,1548,1549,1550,1551,1552,1553,1554,1555,1556,1557,1558,1559,1560,1561,1562,591,1563,1564,1565,1566,1567,1568,1569,1570,1571,1572,1573,1574,1575,1576,1577,1578,1579,1580,1581,1582,1583,1584,1585,1586,1587,1588,1589,1590,1591,1592,1593,1594,1595,1596,1597,1598,1599,1600,1601,1602,1603,1604,596,1605,1606,1607,1608,1609,1610,1611,1612,1613,1614,1615,1616,1617,1618,1619,1620,1621,1622,1623,1624,1625,1626,1627,1628,1629,1630,1631,1632,1633,1634,1635,1636,1637,1638,1639,1640,1641,1642,1643,1644,1645,1646,1647,1648,1649,1650,1651,1652,1653,1654,1655,1656,1657,1658,1659,1660,1661,1662,1663,1664,1665,1666,1667,1668,1669,1670,1671,1672,1673,1674,1675,1676,1677,1678,1679,1680,1681,1682,1683,1684,1685,1686,1687,1688,1689,1690,1691,1692,1693,1694,1695,1696,1697,1698,1699,1700,1701,1702,1703,1704,1705,1706,1707,1708,1709,1710,1711,1712,1713,1714,1715,1716,1717,1718,1719,1720,1721,1722,1723,1724,1725,1726,1727,1728,1729,1730,1731,1732,1733,1734,1735,1736,1737,1738,1739,1740,1741,1742,1743,1744,1745,1746,1
1773,9437,9438,8827,9439,9440,9441,1774,1775,1776,1777,1778
1779
1780,1781,1782
1783,1784
1785
1786,1787,1788,1789,1790,1791,1792,1793,1794,1795,1796,1797,1798,1799,1800,1801,1802,1803,1804,1805,1806,1807,1385,1808
1809
1810
1811,1812,1813,1814,1815,1816,1817,1818,1819,1820,1821,1822,1823,1824,1825,1826,1827,1828,1829,1830,1831,1832,1833,1834,1835,1836,1837,1838,1839,1840,1841,1842,1843,1844,1845,1846,1847,1848,1849,1850,1851,1852,1853,1854,1855,1856,1857,1858,1859,1860,1861,1862,1863,1864,1865,1866,1867,1868,1869,1870,1871,1872,1873,1874,1875,1876,1877,1878,1879,1880,1881,1882,1883,1884,1885,1886,1887,1888,1889,1890,1891,1892,1893,1894,1895,1896,1897,1898,1899,1900,1901,1902,1903,1904,1905,1906,1907,1908,1909,1910,1911,1912,1913,1914,1915,1916,1917,1918,1919,1920,1921,1922,1923,1924,1925,1926,1927,1928,1929,1930,1931,1932,1933,1934,1935,1936,1937,1938,1939,1940,1941,1942,1943,1944,1945,1946,1947,1948,1949,1950,1951,1952,1953,1954,1955,1956,1957,1958,1959,1960,1961,1962,1963,1964,1965,1966,1967,1968,1969,1970,1971,1972,1973,1974,1975,1976,1977,1978,1979,1980,1981,1982,1983,1984,1985,1986,1987,1988,1989,1990,1991,1992,1993,1994,1995,1996,1997,1998,1999,2000,2001,2002,2003,2004,2005,2006,2007,2008,2009,2010,2011,2012,2013,2014,2015
3374,3375
3376
3377
3378,3379
3380,3381,3382
3383,3384,3385,3386
3387,3388,3389,3390,3391,3392,3393,3394,3395,3396,3397,3398,3399,3400,3401,3402,3403,3404,3405,3406,3407,3408,3409,3410,3411,3412,3413,3414,3415,3416,3417,3418,3419,3420,3421,3422,3423,3424,3425,3426,58,3427,3428,3429,3430,3431,3432,3433,3434,3435,3436,3437,3438,3439,3440,3441,3442,3443,3444,3445,3446,3447,3448,3449,3450,3451,3452,3453,3454,3455,3456,3457,3458,3459,3460,3461,3462,3463,3464,3465,3466,3467,3468,3469,3470,3471,3472,3473,3474,3475,3476,3477,3478,3479,3480,3481,3482,3483,3484,3485,3486,3487,3488,3489,3490,3491,3492,3493,3494,3495,3496,3497,3498,3499,3500,3501,3502,3503,3504,3505,3506,3507,3508,3509,3510,3511,3512,3513,3514,3515,3516,3517,3518,3519,3520,3521,3522,3523,3524,3525,3526,3527,3528,3529,3530,3531,3532,3533,3534,3535,3536,3537,3538,3539,3540,3541,3542,3543,3544,3545,3546,3547,3548,3549,3550,3551,3552,3553,3554,3555,3556,3557,3558,3559,3560,3561,3562,3563,3564,3565,3566,3567,3568,3569,3570,3571,3572,3573,3574,3575,3576,3577,3578,3579,3580,3581,3582,3583,3584,3585,3586,3587,3588,3589,3590,3
3664,3665,3666,3667,3668
3669
3670,3671,3672
3673,3674
3675,3676,3677,3678,3679,3680,3681
3682
3683,3684,3685,3686,3687,3688,3689,3690
3691
3692,3693
3694,3695,3696,3697,3698,3699,3700
3701,3702,3703,135,133,130,131,132,129,127,128,3704,3705,3706,3707
3708
3709
3710
3711,3712
3713,135,133,130,131,132,129,127,128,3714
3715
3716
3717,3718,135,133,130,131,132,129,127,128,3719,3720,3721,3722,3723,3724
3725,3726,3727,3728
3729,3730,3731,3732,3733,3734,3735,3736,3737,3738,3739,3740
3741,1216
3742
1231,3743,3744,3745,3746,1216,3747,3748,3749,3750,3751,3752,3753,3754,3755,3756,3757,3758,3759,3760,3761,3762,3763,3764,3765,3766,3767,3768,3769,3770,3771,3772,3773,666,3774,3775,1047,3776,1758,3777,3778,3779,2871,3780,3781,1005,3782,3783,3784,3785,3786,3787,3788,3789,3790,3791,3792,3793,3794,3795,3796,3797,3798,3799,3800,3801,3802,3803,3804,3805
3806,3807
3808,3809,3810,3811,3812,3813,135,133,130,131,132,129,127,128,3814,3815,3816,3817,3818,3819,3820,3821,3822,3823,3824,3825,3826,3827,3828,3829,3830,3831,3832,3833,3834,3835,3836,3837,3838,3748,3839,3840,3841,3842,3843,3844,3845,3846,3847,3848,3849,3850,3851,3852,3853,3854,3855,3856,3857,3858,3859,3860,3861,3862,3863,3864,3865,3866,3867,3868,3869,3870,3871,3872,3873,3874,3875,3876,3877,3878,3879,3880,3881,3882
3883,3884,3885,3886,3887,3888,3889,3890,3891,3892,3893,3894,3895,3896,3897,3898,3899,3900,3901,3902,3903,3904,3905,3906,3907,3908,3909,3910,3911,3912,3913,3914,3915,3916,3917,3918,3919,3920,3921,2604,3922,3923,3924,3925,1004,3926,3927,3928,3929,3930,3931,3932,3933,3934,3935,3936,3937,3938,3939,3940,3941,3942,3943,3944,3945,3946,3947,3948,3949,3311,3950,3951,3952,3953,3954,3955,3956,3957,3958,3959,3960,3961,2825,3962,3963,3964,3965,3966,3967,3968,3969,3970,3971,3972,3973,3974,3975,3976,3977
3978,3979,3980,3981
3982,3983,3984,3985,3986,3987,3988,3989
3990
3991,3992,3993,3994,3995,3996,3997,3998,3999,4000
4001,4002,4003,4004,4005,4006
4007,4008,4009,4010,4011,4012,4013,4014,4015,4016,4017,4018,4019,4020,4021,4022,4023,4024,4025,4026
4027,4028
4029
4030
4031
4032,4033,4034,4035
4036,4037,4038
4039,4040,4041,4042,4043
4044
4045,4046,4047,4048
4049,4050
4051,4052,4053,4054,4055,135,133,130,131,132,129,127,128,4056,4057,4058,4059,4060,4061,4062,4063,4064,4065,4066,4067,4068,4069,4070,4071,4072,4073,4074,4075
4076,4077,4078,4079
4080,4081
4082
4083,4084
4085,4086,4087
4088,4089,4090,4091,4092
4093,4094
4095
4096,4097,4098,3657,4099,135,133,130,131,132,129,127,128,4100,4101,4102,4103,4104,4105,4106,4107,4108,4109,4110,4111,4112,4113,4114,4115,4116,4117,4118,4119,4120,4121,4122,4123,4124,4125,4126,4127,4128,4129,4130,4131,4132
4133,4134,4135
4136,4137
4138
1332,4139,4140,4141,4142,4143,4144,4145,4146,4147,4148,4149,4150,4151,4152,4153,4154,4155,4156,4157,4158,4159,4160,4161,4162,4163,4164,4165,4166,4167,4168,4169,4170,4171,4172,4173,4174,4175,4176,4177,4178,4179,4180,4181,4182,4183,4184,4185,4186,4187,4188,4189,4190,4191,4192,4193,4194,4195,4196,4197,4198,4199,4200,4201,2046,4202,2053,4203,4204,4205,4206,4207,4208,4209,906,4210,4211,4212,4213,4214,4215,4216,4217,4218,4219,4220,4221,4222,4223,4224,2718,4225,4226,4227,4228,4229,4230,4231,4232,4233,4234,4235,4236,4237,4238,4239,4240,4241,4242,4243,4244,4245,4246,4247,4248,4249,4250,4251,4252,4253,4254,4255,4256,4257,4258,4259,4260,4261,4262,4263,4264,4265,4266,4267,4268,4269,4270,4271,4272,4273,4274,4275,4276,4277,4278,4279,4280,4281,4282,4283,4284,4285,4286,4287,4288,4289,4290,4291,4292,4293,4294,4295,4296,4297,4298,4299,1806,4300,4301,4302,4303,4304,4305,4306,4307,4308,4309,4310,4311,4312,4313,4314,4315,4316,4317,4318,4319,4320,4321,4322,4323,4324,4325,4326,4327,4328,4329,3109,4330,4331,4332,4333,4334,4335,4336,
4349,4350,4351,4352
4353
4354
4355
4356
4357
4358,4359,4360,4361,4362,4363
4364,4365,4366,4367,4368,4369
4370
4371,4372,4373,4374,4375,4376,4377,4378
4379
4380
4381
4382,4383
4384
4385
4386
4387,4388,4389
4390
4391,1247
4392
4393
4394
4395,4396,4397,4398,4399,4400,4401,4402,4403,4404,4405,4406,4407,4408,4409,4410,4411,4412,4413,4414,4415,4416,4417,4418,4419,4420,4421,4422,4423,4424,4425,4426,4427,4428,4429,4430,4431,4432,4433,4434,4435,4436,4437,4438,4439,4440,4441,4442,4443,4444,4445,4446,4447,4448,4449,4450,4451,4452,4453,4454,4455,4456,4457,4458,4459,4460,4461,4462,4463,4464,4465,4466,4467,4468,4469,4470,4471,4472,4473,4474,4475,4476,4477,4478,4479,4480,4481,4482,4483,4484,4485,4486,4487,4488,4489,4490,4491,4492,4493,4494,4495,4496,4497,4498,4499,4500,4501,4502,4503,4504,4505,4506,4507,4508,4509,4510,4511,4512,4513,4514,4515,4516,4517,4518,4519,4520,4521,4522,4523,4524,4525,4526,4527,4528,4529,4530,4531,4532,4533,4534,4535,4536,4537,4538,4539,4540,4541,4542,4543,4544,4545,4546,4547,4548,4549,4550,4551,4552,4553,4554,4555,4556,4557,4558,4559,4560,4561,4562,4563,4564,4565,4566,4567,4568,4569,4570,4571,4572,4573,4574,4575,4576,4577,4578,4579,4580,4581,4582,4583,4584,4585,4586,4587,4588,4589,4590,4591,4592,4593,4594,4595,4596,4597,4598,4599
5213,5214,5215
5216,5217,5218,5219,5220,5221,5222,5223,5224,5225,5226,5227,5228,5229,5230,5231,5232,5233,5234,5235,5236,5237,5238,5239,5240,5241,5242,5243,5244,5245,5246,5247,5248,5249,5250,5251,5252,5253,5254,5255,5256
5257,5258,5259
5260
5261,5262,5263,5264,5265,5266,5267,5268,5269,5270,5271,5272,5273
5274,5275,5276,5277,5278,5279,5280
5281,5282,5283,5284
5285
5286
5287,5288,5289,5290,4391,5291,5292
5293,5294,5295,5296,5297,5298,4608,5299,5300,5301,5302,5303,5304,5305,5306,5307,5308,5309,5310,5311,5312,5313,5314,5315,5316,5317,5318,5319,5320,5321,5322,5323,5324,5325,5326,5327,5328,5329,5330,5331
5332,5333,5334
5335,3998,5336,5337,910,5338,5339,5340,5341,5342,5343,5344,5345,5346,5347,5348,5349,5350,5351,5352,5353,5354,5355,3797,5356,5357
5358,5359,5360,5361,5362,5363,5364,5365,131,132,129,127,128,126,125,123,124,122,121,120,5366,5367,5368,5369,5370,5371
5372,5373
5374,5375,5376
5377
5378,5379
5380,5381
5369
392
5382
5383,5384,5385,5386,5387,5388,5389,5390,5391,5392,5393,5394,5395,5396,5397,5398,5399,5400,5401,5402,5403,5404,5405,5406
5407,5408,5409,5410,5411,5412,5413,5414,5415,5416,5417,5418,5419,5420,5421,5422,5423,5424,5425,5426,5427,5428,5429,5430,4393,5431,5432,5433,5434,5435,5436,5437,5438
5439,5440,5441,5442
5443,5444,5445
5446,5447,1772
5448,5449,5450,5451
5452
5453,5454
5455,5456
5457
5458,5459,5460
5461,5462,5463,5464,5465,5466,5467,5468,5469,5470,5471,5472,5473,5474,5475,5476,5477,5478,5479,5480,5481,5482,5483,5484,5485,5486,5487,5488,5489,5490,5491,5492,5493,5494,5495,5496,5497,5498,5499,5500,5501,5502,5503,5504,5505,5506,5507,5508,5509,5510,5511,5512
5513,5514,5515,5516,5517,5518,5519,5520,5521,5522,5523,5524,5525,5526,5527,3752,5528,5529,5530,5531,5532,5533,5534,5535
5536,5537,5538,5539,5540,5541,5542,5543,5544,5545
5546,5547,5548,5549,5550,5551,5552,5553,5554,5555,5556,5557,5558,5559,5560,5561,5562,5563,5564,5565,5566,5567,5568,5569,5570,5571,5572,5573,5574,5575,5576,5577,5578,5579,1450,5580,5581,5582,5583,5584,5585,5586,5587,5588,5589
5590
5591,5592,5593,5594,5595,5596,5597,5598,5599,2244,5600,5601,5602,5603,5604,5605,4046,5606,5607,5608,5609,5610,5611,5612,5613,5614,5615,5616,5617,5618,5619,3424,5620,5621,5622,5623,5624,5625,5626,5627,5628,5629,5630,5631,5632,5633,5634,879
5635
5636
5637,5638,5639
5640
5641,5642,5643,5644,5645,5646,5647,5648,5649,5650,5651,5652,5653,5654,5655,5656,5657,5658,5659
5660
5661,5662
5663,5664,5665,5666,5667
4390
5668
5669,5670,5671,5672,5673,5674,5675,5676,5677,5678,5679,5680,5681,5682,57774,35957,31724,62574,62580,62614,1209,16970,5683,5684,5685,5686,5687,5688,5689,5690,5691,5692,5693,5694
5695,5696
5697,5698,5699,5700,5701,5702
5703,5704,5705,5706
5707,5708,5709,5710,5711,5712,5713,5714,5715,5716,5717,5718,5719,57774,35957,31724,62574,62580,62614,1209,16970,5720,5721,5722,5723,5724,5725,5726,5727,5728,5729,5730,5731,5732,5733,5734,5735,5736,5737,5738,5739,5740,5741,5742,5743,5744,5745,5746,5747,5748,5749,5750,5751,5752,5753,5754,5755,5756,5757,5758,5759,5760,5761,5762,5763,5764,5765,5766,5767,5768,5769,5770,5771,5772,5773,5774,5775,5776,5777,5778,5779,5780,5781,5782,5783,5784,5785,5786,5787,5788,5789,5790,5791,5792,5793,5794,5795,5796,5797,5798,5799,5800,5801,5802,5803,5804,5805,5806,5807,5808,5809,5810,5811,5812,5813,5814,5815,5816,5817,5818,5819,5820,5821,392,5822,5823,5824,5825,5826,5827,5828,5829,5830,5831,5832,5833,5834,5835,5836,5837,5838,5839,5840,5841,5842,5843,5844,5845,5846,5847,5848,5849,5850,5851,5852,5853,5854,5855,5856,5857,5858,5859,5860,5861,5862,5863,5864,5865,5866,5867,5868,5869,5870,5871,5872,5873,5874,5875,5876,5877,5878,5879,5880,5881,5882,5883,5884,5885,5886,5887,5888,5889,5890,5891,5892,5893,5894,5895,5896,5897,5898,5899,5900,5901,5902,5903,5904,5905,5906,5907,5908,5909,5910,
6266
6267,6268
6269,6270,6271
6272,6273,6274
6275,6276,6277,6278,6279,6280,6281,6282,6283,6284,6285,6286,6287,6288
6289,6290
6291,6292,6293,6294
6295
6296,6297
6298
6299,6300,6301,6302,6303,6304,6305,6306,6307,6308,6309,6310
6311,6312,6313,6314,6315,6316,6317,6318,6319,6320,6321,6322,1230,6323,6324,6325
6326,6327,6328,6329,6330,6331,6332,6333,6334,6335
6336
6337,6338,6339
6340
6341,6342
6343,6344,6345,6346,6347,6348,6349,6350,6351,6352,57774,35957,31724,62574,62580,62614,1209,16970,6353,6354,6355,6356,6357,6358,6359,6360,6361,6362,6363,6364,6365,6366,6367,6368,6369,6370,6371,6372,6373,6374,6375,6376,6377,6378,6379,6380,6381,6382,6383,6384,6385,6386,6387,6388,6389,6390,6391,6392,6393,6394,6395,6396,6397,6398,6399,6400,6401,6402,6403,6404,6405,6406,6407,6408,6409,6410,6411,6412,6413,6414,6415,6416,6417,6418,6419,6420,6421,6422,6423,6424,6425,6426,6427,6428,6429,6430,6431,6432,6433,6434,6435,6436,6437,6438,6439,6440,6441,6442,6443,6444,6445,6446,6447,6448,6449,6450,6451,6452,6453,6454,6455,6456,6457,6458,6459,6460,6461,6462,6463,6464,6465,6466,6467,6468,6469,6470,6471,6472,6473,6474,6475,6476,6477,6478,6479,6480,6481,6482,6483,6484,6485,6486,6487,6488,6489,6490,6491,6492,6493,6494,6495,6496,6497,6498,6499,6500,6501,6502,6503,6504,6505,6506,6507,6508,6509,6510,6511,6512,6513,6514,6515,6516,6517,6518,6519,6520,6521,6522,6523,6524,6525,6526,6527,6528,6529,6530,6531,6532,6533,6534,6535,6536,6537,6538,6539,6540,6541,6542,6543,6544,6545,6546,6547
6789,1855,6790,6791,6792,6793,6794,6795,6796,57774,35957,31724,62574,62580,62614,1209,16970,6797,6798,6799,6800,6801,6802,6803,6804,6805,6806,6807,6808,6809,6810,6811,6812,6813,6814,6815,6816,6817,6818,6819,6820,6821,6822,6823,6824,6825,6826,6827,6828,6829,6830,6831,6832,6833,6834,6835,6836,6837,6838,589,6839,6840,6841,6842,6843,6844,6845,6846,6847,6848,6849,6850,6851,6852,6853,6854,6855,6856,6857,6858,6859,6860,6861,6862,6863,6864,6865,6866,6867,6868,6869,6870,6871,6872,6873,6874,6875,6876,6877,6878,6879,6880,6881,6882,6883,6884,6885,6886,6887,6888,6889,6890,6891,6892,6893,6894,6895,6896,6897,6898,6899,6900,6901,6902,6903,6904,6905,6906,6907,6908,6909,6910,6911,6912,6913,6914,6915,6916,6917,6918,6919,6920,6921,6922,6923,6924,6925,6926,6927,6928,6929,6930,6931,6932,6933,6934,6935,6936,6937,6938,6939,6940,6941,6942,6943,6944,6945,6946,6947,6948,6949,6950,6951,6952,6953,6954,6955,6956,6957,6958,6959,6960,6961,6962,6963,6964,6965,6966,6967,6968,6969,6970,6971,6972,6973,6974,6975,6976,6977,6978,6979,6980,6981,6982,6983,6984,6985,6986,6987,6988,6989,6990,6991,
8021,8022,8023,8024,8025,8026,8027,8028
8029,8030,8031,8032,8033
8034,8035,8036
8037
8038
8039,8040,8041,8042
8043,8044,8045
8046,8047,8048,8049,8050,8051,8052,8053,8054
8055,8056
8057,8058
8059,8060,8061,8062
8063
621
8064,8065,8066,8067,392,8068,8069,8070,8071,8072,57774,35957,31724,62574,62580,62614,1209,16970,8073,8074,8075,8076,8077,8078,8079,8080,8081,8082,8083,8084,8085,8086,8087,8088,8089,8090,8091,8092,8093,8094,8095,8096,8097,8098,8099,8100,8101,8102,8103,8104,8105,8106,8107,8108,8109,8110,8111,8112,8113,8114,8115,8116,8117,8118,8119,8120,8121,8122,8123,8124,8125,8126,8127,8128,8129,8130,8131,8132,8133,8134,8135,8136,8137,8138,8139,8140,8141,8142,8143,8144,8145,8146,8147,8148,8149,8150,8151,8152,8153,8154,8155,8156,8157,8158,8159,8160,8161,8162,8163,8164,8165,8166,8167,8168,8169,8170,8171,8172,8173,8174,8175,8176,8177,8178,8179,8180,8181,8182,8183,8184,8185,8186,8187,8188,8189,8190,8191,8192,8193,8194,8195,8196,8197,8198,8199,8200,8201,8202,8203,8204,8205,8206,8207,8208,8209,8210,8211,8212,8213,8214,8215,8216,8217,8218,8219,8220,8221,8222,8223,8224,8225,8226,8227,8228,8229,8230,8231,8232,8233,8234,8235,8236,8237,8238,8239,8240,8241,8242,8243,8244,8245,8246,8247,8248,8249,8250,8251,8252,8253,8254,8255,8256,8257,8258,8259,8260,8261,8262,8263,8264,8265,8266,8267,
8672
8673,8674,8675,8676,8677,8678,131,132,129,57774,35957,31724,62574,62580,62614,1209,16970,127,128,126,125,123,124,122,121,120
7362,8679
8680,8681
8682,8683
4511
8684,8685,8686,8687,8688,8689,8690,8691
8692,8693,8694,8695,8696,8697,8698,8699
8700,8701,8702,8703,8704,8705,8706,131,132,57774,35957,31724,62574,62580,62614,1209,16970,129,127,128,126,125,123,124,122,121,120
8707
8708
8709
8710,8711,8712,8713,8714,8715
8716
8717,8718,8719,8720,8721,8722
8723,8724,8725
8726,8727,8728,8729,8730,8731,8732,8733,8734,8735,8736,8737,8738,8739,8740,8741,8742,8743,8744,8745,8746,8747
3864,8748
8749,8750,8751,8752,8753,8754,8755,7668,8756,8757,8758,8759,8760,8761,8762,8763,8764,8765,8766,8767,8768,8769,8770,8771,8772,8773,8774,8775,8776,8777,8778,8779,8780,8781,8782,8783,8784,8785,8786,8787,8788,8789,8790,8791,8792,8793,8794,8795,8796,8797,8798,8799,1877,8800,8801,8802,8803,8804
8805,8806,8807,8808,8809
8810,8811,8812,8813,8814,8815,8816,8817,8818,8819,8820,8821,8822,8823,8824,8825,8826,8827,8828,8829,8830,8831,8832,8833,8834,8835,8836,8837,8838,8839,8840,8841,8842,8843,8844,8845,8846,8847,8848,5631,8849,8850,8851,8852,8853,8854,8855,8856,8857,8858,8859,8860,8861,8862,8863,8864,8865,8866,8867,8868,8869,8870,8871,8872,8873,8874,8875,8876,8877,8878,8879,8880,8881,8882,8883,8884,8885,8886,8887,8888,8889,8890,8891,8892,8893,8894,8895,8896,8897,8898,8899,8900,8901,8902,8903,8904,8905,8906,8907,8908,8909,8910,8910,8911,1413,8912,8913,8914,8915,8916,8916,8917,8918
8919,5268,8920,8921,8922,8923
8924,8925,8926,8927,3375,8928,8929,8930,8931,8932
8933,8934,8935,8936
8937,8938,8939,8940,8941,8942,8943,8944,8945,8946,8947,8948,8949,8950,8951,8952,8953,8954,8955,8956,8957,8958,8959,8960,8961,8962,8963,8964,8965,8966,8967,8968,8969,8970,8971,8972,8973,8974,8975,8976,8977,8978,8979,8980,8981,8982,8983,8984,8985,8986,8987,8988,8989,8988,8990,8991,8992,8993,8994,8995,8996,8997,8998,8999,9000,9001,9002,9003,9004,3939,9005,9006,9007,9008,9009,9010,9011,9012,9013,9014,9015,9016,9017,9018,9019,4328,9020,9021,9022,9023,9024,9025,9026,9027,9028,9029,9030,9031,9032,9033,9034,9035,9036,9037,9038,9039
9040,9041,9042
9043,9044,9045,9046,9047,9048,9049,801
9050,9051,9437,9438,8827,9439,9440,9441
9052,9053,9054
9055
9056
9057,9058,9059,9060,9061,9062,9063,3657,9064,9065,9066,9067,9068,9069,9070,9071
9072,9073,9074,9075,9076,9077,9078,9079,9080,9081,9082,9083,9084,9085,9086,9087,9088,9089,9090,9091,9092,9093,9094,9095,9096,9097,9098,9099,9100,9101,9102,9103,9104,9105,9106,9107,9108,9109,9110,9111,9112,9113,9114,9115,9116,9117,9118,9119,9120,9121,9122,9123,9124,9125,9126,9127,9128,9129,9130,9131,9132,9133,9134,9135,9136,9137,9138,9139,9140,9141,9142,9143,9144
9145
9146
9147
9148,9149,9150,9151,9152,9153,9154,9155,9156,9157
9158,9159,9160,9161,9162
9163,9164,9165,9166,9167
9168,9169
9170,74,9171,989,9172,9173,7602,9174,9175,9176,9177,9178,9179,9180,9181,9182,9183,9184,9185,9179,9186,9187,9188,9189,9190,9191,9192,9193,9194,9195,9196,9197
9198,9199,9200,9201,9202,9203,9204,9205,9206,9207,9208,9209
9210
9211,9212,9213,9214,9215,9216,9217,9218,9437,9438,8827,9439,9440,9441,9219,9220,3779,9221,9222,9223,9224,9225,9226,9227,9228,9229
9230
9231,9232
9233,9234,9235,9236,9237,9238,9239,3997,9240,9241,646,9242,9243,9244,9245,9246,2481,1503,9247,9248,9249,9250,9251,9252,1219,9253,9254,9255
9256,9257,9258,9259,9260,9261,9262,9263,9264,9265,9266,9267,9268
9269,9270,9271,9272,9273
9274
9275,9276
9277,9278,9279,9280,9281,9437,9438,8827,9439,9440,9441,9282,9283,9284,9285,9286,9287,9288,9289,9290,9291,9292,9293,9294,9295,9296,9297,9298,9299,9300,9301,9302,9303,9304,9305,9306,9307,9308,9309,9310,9311,9312,9313,9314,9315,9316,9317,9318,9319,9320,9321,9322,9323,9324,9325,9326,9327,9328,9329,9330,9331,9332,9333,9334,9335,9336,9337,9338,9339,9340,9341,9342,9343,9344,9345,9346,9347,9348,9349,9350,9351,9352,9353,9354,9355,9356,9357,9358,9359,9360,9361,9362,9363,9364,9365,9366,9367,9368,9369,9370,9371,9372,9373,9374,9375,9376,9377,9378,9379,9380,9381,9382,9383,9384,9385,9386,9387
9388,9389,9390,9391,9392
9393,9394,9395,9396,9397,9398,9399,9400,9401,9402,9403
9404
9405
9406,3658
9407,9408,9409,9410,9411,9412,9413
9414
9415,9416,9417,9418,9419
9420,9421,9422,9423,9424,9425,9426,9427,9428
9429,9430,9431,9432,9433
9434,3424,9435,9436,9437,9438,8827,9439,9440,9441,9442,9443,9444,9445,9446,9447,9448,9449,9450,9451,9452,9453,9454,9455,9456,9457,9458,9459,9460,5631,9461,9462,9463,9464,9465,9466,9467,9468,9469,9470,9471,9472,9473,9474,9475,9476,9477,9478,9479,3728,8873,9480,9481,9482,9483,9484,9485,9486,9487,9488,9489,9490,9491,9492,9493,9494,9495,9496,9497,9498,9499,9500,9501,9502,9503,9504,9505,9506,9507,9508,9509,9510,3778,9511
9512,9513,9514
9515,9516,9517
9516
9518,5598
9519,9520,9521,9522,9523,9524,9525,9526,9527,9528,9529,9530,9531,9532,9533,9534,9535,9536,9537,9538,9539,9540,9541,9542,9543,9544,9545,9546,9547,9548,9549,9550,9551,9552,9553,9554,9555,9556,9557,9558,9559,9560,9561,9562,9563,9564,9565,9566,9567,9568,9569
9570,9571,9572,9573,9574,9575,9576,9577,9578
9579
9580,9581,9582,9583,9584,9585,9586,9587,9588,9589,9590,9591,9592,9593,9594,9595,3658,9596,9597,9598,9599,9600,9601,9602,9603,9604,9605,9606,87
9607,9608,9609,9610,9611,9612,9613
9614,9615
9616
9617,9618,9619,9620
9621
9622,9623,57774,35957,31724,62574,62580,62614,1209,16970,9624,9625
9626
9627
629
9628,8031
9629
9630,9631,9632,10943,135,133,130,131,132,129,127,128,10944,10945,10946,10947,9633,9634,9635,9636,9637,9638,9639,9640,9641,9642,9643,9644,9645
9646
9647,9648,9649,9650,135,133,130,131,132,129,127,128,9651,9652,9653,9654,9655,9656,9657,9658,9659,9660,9661,9662
9663,9664,9665
9666,9667,9668,9669,135,133,130,131,132,129,127,128,9670,57774,35957,31724,62574,62580,62614,1209,16970,9671,9672,9673,9674,9675,9676,9677,9678,9679,9680,9681,9682,9683,9684,9685,9686,9687,9688,9689,9690,9691,9692,9693,9694,9695,9696,9697,9698,9699,9700,9701,9702,9703,9704,9705,9706,9707,9708,9709,9710,371,9711,9712,9713,9714,9715,9716,9717,9718,9719,9720,9721,9722,9723,9724,9725,9726,9727,1441,9728,9729,9730,9731,9732,9733,9734,9735,9736,9737,9738,9739,9740,9741,9742,9743,9744,9745,9746,9747,9748,9749,9750,9751,9752,9753,9754,9755,9756,9757,9758,621,9759,9760,9761,9762,9763,9764,9765,1539,9766,9767,9768,9769,9770,9771,9772,9773,9774,1543,9775,9776,9777,9778,9779,9780,9781,9782,9783,9784,9785,9786,9787,9788,9789,1674,9790,9791,9792,9793,9794,9795,9796,9797,1226,9798,9799,9800,9801,9802,9803,9804,9805,9806,9807,9808,1217,9809,9810,9811,9812,9813,9814,9815,9816,2481,9817,9818,9819,9820
9821,3766,9822,9823,9824,9825,1236,9826,9827,9828,9829,9830,9831,9832,9833,9834,1009,9835,9836,9837,71,57774,35957,31724,62574,62580,62614,1209,16970,9838,9839,9840,7958,9841,9842,9843,9844,9845,9846
9847,9848,9849
9850,9851,9852
9853
9854,9855
9856,9857,9858,9859,135,133,130,131,132,129,127,128,9860,57774,35957,31724,62574,62580,62614,1209,16970,9861
9862,9863,9864,9865,9866,5312,9867,9868,9869,9870,9871,9872,9873,9874,9875,9876,9877,9878,9879,9880,9881,9882,9883,9884,9885,9886,9887,9888,9889,9890,9891,9892,9893,9894,9895,9896,9897,9898,9899,9900,9901,9902,9903,9904,9905,9906,9907,3844,9908,9909,9910,9911,9912,9913,9914,9915,9916,9917,9918,9919,9920,9921,9922,9923,9924,9925,9926
9927
9928,9929,9930,9931,135,133,130,131,132,129,127,128,9932,9933,9934,9935,9936
9937,9938,9939,9940,1385
9941
9942,9943,9944,9945,9946,9947,9948,9949,9950
9951
9952,9953,9954,9955,9956,9957,9958,9959,9960,9961,1503,9962,9963,9964
9965,9966,9967,9968,9969,9970,9971,9972,9973,9974,9975,9976,2539,9977,9978,5598,9979,9980,5269,9981,9982,9983,9984,9985,9986,9987,9988,9989,9990,9991,9992,9993
9994,9995,9996,9997,9998,9999,10000,10001,10002,10003,10004,10005,10006,10007,10008,10009,10010,10011,10012,10013,10014,10015,10016,10017,10018,10019,10020,10021,10022,10023,10024,8233,10025,10026,10027,10028,10029,10030,10031,10032,10033,10034,10035,10036,10037,10038,10039,10040,10041,10042,10043,10044,10045,10046,10047,10048,10049,10050,10051,10052,10053,10054,10055,10056,10057,10058,10059
10060,10061,10062,10063,10064,10943,10944,10945,10946,10947,10065,10066,10067,10068,10069,10070,8665
10071,10072
10073,10074,10075,10076,10077,10078,10079,10080,10081,10082,10083
10084,10085,10086,10087,10088,10089,10090,10091,10092,10093,10094,10095,10096,1805,10097,628,10098,10099,10100,10101,10102,10103,10104,10105,10106,10107,10108,10109,10110,10111,10112,3820,9549,10113
10114,10115,10116,10117,10118,10119,10120,10121,10122,10123,10124,10125,10126,10127,10128,10129,10130,10131,10132,10133,10134,10135,10136,10137,10138,10139,10140,10141,10142,10143,10144,10145,10146,10147,10148,10149,10150,10151,10152,10153,10154,10155,10156,10157,10158,10159,10160,10161,10162,10163,10164,10165,10166
10167
10168,10169,10170,10171
10172
10173,10174,10175,10176,10177,10178,8683,10179,10180,10181,10182,10183,10184,10185,10186,10187,10188
10189
10190,10191,10192,10193,10194,10195,10196,2581,10197,10198,10199,10200,10201,10202,10203,10204,10205,10206,10207,10208,10209,10210,10211,10212,8276,10213,10214,10215,10216,10217,10218,10219,10220,10221,10222,10223,10224,10225,10226,10227,10228,10229,10230,10231,10232,10233,10234,10235,10236,10237,10238,10239,10240,10241,10242,10243,10244,10245,10246,10247,10248,10249,10250,10251,10252,10253,10254,10255,10256,10257,10258,10259,10260,10261,10262,10263,10264,10265,10266,10267,10268,10269,10270,10271,10272,10273,10274,10275,10276,10277,10278,2467,10279,10280,10281,10282,10283,10284,10285,10286,10287,10288,10289,10290,10291,10292,10293,10294,10295,10296,10297,10298,3954,10299,10300,10301,10302,10303,10304,10305,10306,10307,10308,10309,10310,10311,10312,10313,10314,10315,10316,10317,10318
10319,10320,10321
10322
10323,10324,10325,10326,10327,10328,10329,10330,10331,10332,10333,914,10334,10335,10336,10337,9924,10338,1026,10339,10340,10341,10342,10343,10344,10345,10346,950,10347,10348,10349,10350,10351,10352,10353,10354,10355,10356,10357,10358,10359,10360,10361,10362,10363,10364,10365,10366,10367,10368,10369,10370,10371,10372,10373,10374,10375,10376,10377,10378,10379,10380,10381,10382,10383,10384,10385,10386,10387,10388,10389,10390,10391,10392,10393,10394,10395,10396,10397,10398,10399,10400,10401,10402,10403,10404,10405,10406,68,10407,10408,10409,10410,10411,10412,10413,10414,10415,10416,10417,10418,10419,10420,10421,10422,10423,10424,10425,10426,10427,10428,10429,10430,10431,10432,10433,10434,10435,10436,10437,10438,10439,10440,10441,10442,10443,10444,10445,10446,10447,10448,10449,10450,10451,10452,10453,7773,10454,10455,10456,65,1076,10457,10458,10459,10460,10461,10462,10463,10464,10465,10466,10467,10468,10469,10470,10471,10472,9651,10473,10474,9214,10475,2872,10476,10477,9821,10478,10479,10480,10481,10482,10483,1048
10534,10535,10536,10537,10538,10539,10540,10943,10944,10945,10946,10947,10541,10542,74,10543,10544,10545,10546,10547,10548,10549,10510,10550,10551,10552,10553,10383,10554,10555,10556,10557,9828
10558
10559,10560,10561,10562
10563,10564,10565,10566,10567,10568,10569,10570,9184
10571,10572,10573,10574,10575,10576,10577,8543,10578,10579,10580,10581,10582,4094,10583,10584,10585,10586,10587,10588,10589,10590,10591,1218,10592,10593,10594,10595
10596,10597,10598,10599
10600
10601,10602,10603,10604,10605,10606,10607,10608,10609,10610,10611,10612,10613,10614,1764,10615,10616,10617,10618,10619,10620,10621,10622,10623,10624,10625,10626,10627,10628,10629,10630,10631,10632,10633,10634,10635,10636,10637,10638,10639,10640,10641,10642,10643,10644,10645,10646,10647,10648,10649,10650,10651,10652,10653,10654,10655,10656,10657,10658,10659,10660,10661,10662,10663,10664,10665,10666,10667,10668,10669,10670,10671,10672,10673,10674,10675,10676,10677,10678,10679,10680,10681,10682,10683,10684,10685,10686,10687,10688,10689,10690,10691,10692,10693,10694,10695,10696,10697,9977,10698,10699,10700,10701,10702,10703,10704,10705,10706,10707,10708,10709,10710,10711,10712,10713,10714,10715,10716,10717,10718,10719,10720,10721,10722,10723,10724,10725,10726,10727,10728,10729,10730,10731,10732,10733,10734,10735,10736,10737,10738,10739,10740,10741,10742,10743,10744,10745,10746,10747,10748,10749,10750,10751,10752,10753,10754,10755,10756,10757,10758,10759,10760,10761,10762,10763,10764,10765,10766,10767,10768,10769,
10849
9809
10850,10851,10852,10853,10854,10855
10856,10857,10858,10859,10860,10861
10862,10863,10864,10865,10866,10867,10868,10869,10870,10871,10872,10873,10874,10875,10876,10877,10878,10879,10880,10881,10882,10883,10884,10885,10886,10887,10888,10889,10890,10891,10892,10893,10894,10895,10896,10897,10898,10899,10900,10901,10902,10903,10904,10905,10906
10907
10908,10909
10910
10911,10912,10913,10914,10915,10916,10917,10918,10919,10920
10921,10922,10923,10924,10925,9799,10926,10927
10928,10929
10930,10931,10932,10933
10934
10935
10936,10937,10938,10939,10940,10941,10942,10943,10944,10945,10946,10947,10948,10949,10950,10951,10952,10953,10954,10955,10956,10957,10958
10959
10960
10961,10962
10963,1643
10964,10965,4042,10966,10967,10968,10969,10970,10971,10972,9008,10973
10974
10975,10976,10977,10978,10979,10980,10981,10982,10983,10984,10985,10986,10987,10988,10989,10990,10991,10992,10993,10994,10995,10996,10997,10998,10999,11000,11001,11002,11003,11004,11005,11006,11007,11008,11009,11010,11011,11012,11013,11014,11015,11016,11017,11018,11019,11020,11021,11022,11023,11024,11025,11026,11027,11028,11029,11030,11031,8783,11032,11033,11034,11035,11036,11037,11038,11039,11040,11041,914,2026,11042,11043,11044,11045,11046,11047,11048,11049,11050,11051,11052,11053,11054,11055,11056,11057,11058,11059,11060,11061,11062,11063,11064,11065,11066,11067,11068,11069,11070,11071,11072,1216,11073,11074,11075,11076,11077,11078,11079,11080,11081,11082,11083,11084,11085,11086,11087,11088,11089,11090,11091,11092,11093,11094,11095,11096,1026,11097,11098,11099,11100,11101,11102,11103,11104,11105,11106,11107,11108,11109,11110,11111,11112,11113,3838,11114,11115,11116,11117,11118,11119,11120,11121,11122,11123,11124,11125,11126,11127,11128,11129,11130,11131,11132,11133,11134,11135,11136,11137,11138,11139,11140
11251
11252,11253
11254,11255,11256,11257,11258,11259,11260,11261
11262
11263,11264
11265,11266
11267
9673,11268,9146,11269,10860
11270
11271,11272,11273,11274
11275,11276,11277,11278,11279,11280,11281,5122,11282,11283,11284,11285,3950,11286
11287,11288,11289,11290,5369,11291,11292,11293,11294,11295,11296,11297,11298,11299,11300,11301,11302,11303,11304,11305,11306,11307,11308,11309,11310,11311,11312,11313,11314,11315,11316
11317
367
11318
11319,11320,11321,11322,11323
11324,11325
11326,11327,11328,11329,11330,11331,11332,11333,11334,11335,11336,11337,11338,11339,11340,11341,11342,11343,11344,11345,11346,11347,11348,11349,11350,11351,11352,11353,11354,11355,11356,11357,11358,11359,11360,11361,11362,11363,11364,11365,11366,11367,11368,11369,11370,11371,11372,11373,11374,11375,11376,11377,11378,11379,11380,11381,11382,11383,11384,11385,11386,11387,11388,11389,11390,11391,11392,11393,11394,11395,11396,11397,11398,11399,11400,11401,11402,11403,11404,11405,11406,11407,11408,11409,11410,11411,11412,11413,11414,11415,11416,11417,11418,11419,11420,11421,11422,11423,11424,11425,11426,11427,11428,11429,11430,11431,11432,11433,11434,11435,11436,11437,11438,11439,11440,11441,11442,11443,11444,11445,11446,11447,11448,11449,11450,11451,11452,11453,11454,11455,11456,11457,11458,11459,11460,11461,11462,11463,11464,11465,11466,11467,11468,11469,11470,11471,11472,11473,11474,5695,11475,11476,11477,11478,11479,11480,11481,11482,11483,11484,11485,11486,11487
11488,11489,11490
11491,11492,11493
11494,11495,11496
11497
11498,11499,11500
10098,11501,11502
11503
11504,11505
11506
11507,11508
11509,11510
11511,11512
11513
11514,11515,11516,11517,11518,11519,11520
11521
3424,9849,11522,11523,11524
11525
11526,11527
9198,11528,11529,11530,11531,11532,11533,11534,11535,2175,11536,10229,11537,11538,11539,11540,11541,11542,11543,11544,11545,11546,5556,11547,11548,11549,11550,1083,11551,11552,11553,11554,11555,11556,11557,11558,11559,11560,11561
11562
11502,9984
11563
11564,11565,11566,11567,11568,11569,10487
11570
11571
11572,11573,11574,3864,11575
11576,11577,11578,11579,11580,11581,11582,11583,11584,11585,11586,11587,11588
8901,11589,11590
11591,11592
11593
11594,11595,11596,11597,11598
571
11599,11600,11601,11602,11603,9905,11604,11605,11606,11607,11608
11609,11610
11611
11612,11613,11614,8720
11615,11616,11617,11618,11619,11620,11621,11622,11623,11624,11625,11626,11627,11628,11629,11630,11631,11632,11633,11634,11635,11636,11637,11638,11639,11640,11641,11642,11643,11644,11645,11646,11647,11648,11649,11650,11651,11652,11653,11654,11655,11656,11657,11658,11659,11660,11661,11662,11663,11664,11665,11666,11667,11668,11669,11670,11671,11672,11673,11674,11675,11676,11677,11678,11679,11680,11681,11682,11683,11684,11685
11686,11687,11688,11689,11690,11691,11692,11693,11694,11695,11696,11697,11698,10175,11699,11700,11701,11702,11703,11704,11705,11706,11707,11708,11709,11710,11711,11712,11713,11714,11715,11716,11717,11718,11719,11720,11721,11722,11723,11724,11725,11726
11727,11728,11729,11730,11731,11732,11733,11734,11735,11736,11737,11738,11739,10640,11740,11741,11742,11743,11744,11745,11746,11747,11748,8158
10590,11749
11750
11751,11752
11753,11754,11755
11756,8880
11757
11758,11759,11760,11761,11762,11763,11764,11765,11766,11767,11768,11769,11770,11771,11772,11773,11774,11775,11776,11777,11778
11779,11780,11781,11782
11783,11784,11785
11786,11787,11788,11789,11790,11791,11792
11793,11794,11795,11796,11797,11798,11799,11800,11801,11802,11803,11804,11805,11806,11807,11808,11809,11810,11811,11812,11813,11814,11815,11816,11817,11818
11819,11820,11821,11822,11823,11824,11825,11826,11827,11828,11829,11830,11831,11832,11833,11834,11835,11836,11837,11838,11839,11840,11841,11842,11843,11844,11845,11846,11847,11848,11849,11850,11851,11852,11853,11854,11855,11856,11857,11858,11859,11860,11861,11862,11863,11864,11865,11866,11867,11868,11869,11870,11871,11872
11873
11874
11875,11876,11877,11878
11879
11880,11881
11882,11883,11884,11885,992,11886
11887
11888,11889,11890,11891,11892
11893,11894,11895,11896,11897,11898,11899,11900,11901,11902,11903,11904
11905
11906
11907,11908,11909,11910,11911
11912,11168,11076
11913,11914,11915,11067
11916,11917,11918
11919,11920,11921
11922
11923,11924,11925,11926,11927,11928,11929,11930,11931,11932,11933,11934,11935,11936,11937
11938,11939,11940,11941
11942,11943,11944,11945,11946,11947,11948,11949,11950,11951,11952,11953,11954,11955,11956,11957
974,11958
11959
11960,11961,11962,11963,11964,11965,11966,11967,11968,11969,11970,11971,11972,11973
4046
5631,597,11974,11975,9230,11976,11977,11978
11979,11980,11981,11982,11983
11984
11985
11986,11987,11988,11989,11990,11991,11992,11993,11994,11995,11996,11997
11998
11999,12000,12001,12002,12003,12004,12005,12006
12007,12008,12009
12010,12011
12012
12013,12014