1226
1216
1217
1215
1206
910
912
914
68
969
974
978
1004
1005
1019
1026
1030
1037
1039
1047
1072
1076
891
892
887
890
853
801
666
646
629
594
589
574
571
1235
1236
1239
1282
1306
1309
1312
1328
1333
1343
1347
1365
1367
1382
1385
1410
1416
1421
1433
1450
1453
1458
1461
1464
1467
1478
1480
1485
1494
1501
1503
1523
1674
1760
1766
1768
1770
1775
1782
1805
1806
1851
1877
2007
2010
2026
2110
2135
2171
2182
2192
2201
2287
2321
2336
2346
2431
2468
2481
2502
2505
2539
2610
2617
2690
2698
2726
2740
2747
2825
2840
2858
2872
2876
2953
2954
2977
3011
3024
3039
3042
3065
3097
3122
3123
3153
3177
3226
3240
3259
3277
3281
3305
3319
3330
3342
3358
3365
3371
3424
3430
3624
3645
3651
3657
3658
3672
3681
3728
3739
1231
3747
3748
3752
3762
3776
3778
3784
3787
3799
3801
3802
3811
3816
3832
3836
3838
3844
3845
3846
3858
3864
3873
3878
3880
3888
3890
3913
3915
3923
3929
3934
3940
3943
3944
3948
3951
3952
3954
3958
3960
3961
3966
3977
3998
4000
4042
4044
4094
4131
4151
4174
4186
4196
4257
4264
4324
4340
4354
4357
4384
4393
4608
4758
4760
4769
4786
4802
4971
5039
5257
5268
5269
5280
5298
5300
5305
5307
5309
5321
5323
5324
5325
5326
5328
5343
5349
5369
5438
5440
5446
5447
5448
5451
5593
5596
5597
5598
4046
5631
5637
6285
6305
6788
6841
7338
7366
7409
7611
7819
7958
8005
8031
8036
8325
8676
8696
8713
8715
8720
8725
8748
8783
8878
8880
8901
8923
8927
8947
8950
9002
9030
9146
9156
9164
74
989
7602
9184
9189
9193
9201
9213
9214
9216
9217
9218
9219
9225
9237
9238
3997
9252
9253
9255
9406
9414
9426
9432
9449
9469
9516
9549
87
9629
9673
9696
9699
9704
371
9737
9742
9743
621
9773
9776
9777
9786
9798
9806
9809
9810
9819
9824
9830
9836
71
9844
9846
9891
9914
9917
9924
9937
9941
9977
9984
9986
10072
10087
10098
10113
10135
10149
10194
10291
10323
10327
10341
10348
10377
10385
10448
10450
7773
65
10462
10465
10470
9651
10474
10476
10482
10485
10487
10488
1774
10510
10527
10544
10546
10548
10383
9828
10568
8543
10581
10583
10590
10660
10675
10724
10740
10908
10920
10924
10925
10935
10968
11010
11019
11038
11045
11056
11071
11078
11090
11100
11127
11128
11164
11176
11189
11193
11199
11213
11238
11246
7367
11254
11262
11274
11291
11292
11295
367
11323
11472
5695
11490
11502
11506
11521
10229
11538
11546
11551
11554
11594
11595
11597
11599
11604
11607
11793
11920
11959
11961
11967
11971
12017
12018
380
9490
12073
12156
12177
12180
12182
12297
12357
12359
12361
12390
12440
12447
12464
12467
12469
12480
12485
12490
12491
12498
12499
12512
12519
12521
12529
12532
12534
12536
12540
12541
12548
12549
12555
12556
12558
12560
8008
12568
12572
12598
12623
12641
12665
12670
12675
12676
12687
12688
12689
12691
11184
12711
12726
12733
12777
12781
12795
12801
12807
12811
12817
12819
11046
12835
12836
13516
13601
13729
13753
13779
13791
13972
14048
14722
14809
14810
14825
14838
14840
14841
14843
14844
14846
14859
14887
14934
10918
14937
14958
15016
15094
15110
15134
15145
15182
15197
15223
15225
15240
15242
15249
15250
15252
15274
15287
15376
15377
15389
15398
15400
15418
15424
15445
1003
15460
15468
15476
15479
15482
15488
15490
15493
15497
15498
4364
15506
15513
15545
11050
15618
15622
15656
15657
15658
15659
15660
15663
4800
15808
15809
15852
15892
15910
15920
15992
10207
16026
16033
16074
16149
16171
16228
16238
16280
15754
16283
16284
16287
16298
16299
16302
16311
16326
16367
16381
16383
16389
16390
16419
16423
16430
16431
16437
16448
16451
16459
16460
16465
16473
16482
16495
16496
16503
16509
8064
16511
16514
16532
16544
16553
16561
16564
5600
16585
16610
16612
16623
16628
16661
16674
16690
16693
16694
16700
15
16711
16715
16722
16729
11054
16757
16780
16783
16785
16790
15811
16815
16816
16820
16823
16829
16838
16840
16841
16846
16848
16850
4588
16857
16865
16875
10858
16885
16893
16899
16904
16906
16933
16937
16940
16941
16962
16981
16986
16987
16988
16989
16990
16991
16997
17000
17006
17009
11469
17017
13566
17049
17055
17056
17058
17061
17067
17071
17078
11030
17155
17156
17158
17173
17183
17192
17194
17207
17217
17222
17223
17232
17233
17240
17254
13596
17261
17265
17280
17287
17289
17296
10303
17299
17302
17304
17307
17308
17309
13300
17336
17344
17367
17372
17375
17379
17381
17383
17387
17388
17402
17414
17420
17425
17427
17429
17434
17438
17441
17450
17452
17454
17467
17474
17496
17503
17505
17525
17526
17529
17533
17535
17544
17565
17574
17653
17657
17658
17659
17660
17661
17665
17672
17689
17694
15208
17703
17709
17713
17733
17739
17743
17744
17747
17754
17759
17761
17763
17767
17773
17776
17778
17785
17796
17806
17807
17808
17809
9805
17819
17826
17837
17844
17848
17851
17854
17866
8936
17867
17870
17894
17897
17909
17920
2897
17934
17935
17936
17941
17946
17960
17964
17968
17973
12557
17993
17998
2975
18016
18022
18027
18028
18032
18043
18057
18063
18074
18076
17570
9799
18277
18289
18290
18297
18319
14784
18451
18473
18480
18496
18652
18661
18664
18684
18685
18687
18689
18752
18767
18774
18792
18881
18903
9230
18906
18911
18961
18963
18971
18974
19008
19011
19057
16461
19067
11601
19073
19077
19081
19105
90
19113
19115
19131
5314
19162
19193
19353
19451
19577
19600
19634
19682
19691
19700
19703
19722
19801
19808
19860
3970
19884
19901
19971
19980
19994
16105
20016
9825
20024
20033
20040
20085
20087
20088
20091
20094
20103
20136
20161
3763
19671
17391
20217
20252
20294
20295
20577
20579
20583
20593
20606
20607
20617
20760
20764
20767
20768
20773
20798
20840
20845
20849
20909
20931
21011
21033
21049
21136
21148
21156
18662
21271
21276
21292
21396
21400
21419
21432
21472
21585
17625
21650
21651
21655
21657
21662
21675
21687
17926
21689
21692
21703
21704
21713
21755
21767
21837
21884
21900
21911
21964
21971
9899
22134
22142
22169
22237
22239
22281
22292
1751
10270
22341
22358
22370
22373
22397
22460
22472
22495
22556
22566
22605
66
22644
22727
22820
22900
22903
22908
22910
22923
22926
22965
654
19903
22971
3928
21102
22995
21051
23142
12131
10484
23178
23184
23186
23189
23196
23197
23250
23325
23326
23329
23337
23378
435
17538
17727
18965
14774
23729
23766
23812
23817
23823
23881
23886
23887
23903
23908
17969
23951
17824
23964
23969
24097
24143
24164
24178
24185
24189
23722
24222
24267
24272
24317
24376
7668
24648
24909
25179
25207
25650
25668
25745
25788
25791
25794
25843
25857
17555
25869
17369
25888
25916
26054
26060
26178
26214
26253
17552
26293
26341
26352
26387
26431
26443
26457
5336
26479
26483
26580
26581
17600
26586
63
5552
26610
26616
26617
26625
26627
26629
26630
26638
26642
10550
26647
26654
26655
26661
26675
9537
26706
26716
26719
26723
26732
26735
26741
26743
26751
22380
26764
26766
26767
26768
26775
26777
19007
26783
26784
26785
26836
26837
26838
27351
27358
27359
27362
27375
27397
27426
26197
27479
27485
26319
27506
27509
27536
27545
27797
27814
27816
27822
27847
27855
27899
27903
27966
28013
28055
28089
20170
28186
28199
28215
28223
28225
28398
28426
28444
22662
28915
28962
6221
28188
9489
17524
28981
29002
28955
22029
29086
29290
29292
29463
29537
29542
29552
29672
29682
29702
14788
29743
15593
29861
29867
29871
8011
29939
29950
18499
29990
6268
29997
30176
30370
30371
30384
30389
18071
30466
30484
30505
30507
30509
17341
30766
30926
30947
30956
26031
31043
31115
31125
10452
12319
23422
31356
31430
31484
32295
32296
32300
32507
31442
32616
32617
32657
32779
32812
32829
32843
32877
32893
32906
20010
33030
33035
33068
33095
33114
33121
28029
33198
16210
33290
8855
33461
33496
33500
33538
33539
27116
33562
23813
33590
33701
33707
33709
33717
33720
6016
33778
33809
33811
9085
33839
33863
33864
33880
33883
4370
33960
33979
33991
33995
34031
34034
34041
34056
17472
34086
34125
34133
34178
34180
34186
29129
17366
34388
34390
33014
34466
34566
34580
9896
34625
34633
34645
34714
34728
34760
32900
34789
17269
34969
34974
35101
26378
35209
35818
35885
31062
35912
35945
36056
36058
36077
36079
19557
16831
20756
36298
36317
36325
36375
36404
36420
36475
36552
36587
36590
36599
36606
36616
36631
36636
36637
36649
72
36673
36678
36862
36949
26955
5561
37008
37017
37406
37552
37581
37590
37593
37609
37689
37694
37745
38072
38149
38150
38874
38880
38890
38899
38931
31389
8231
38973
38976
9589
39051
39053
39057
39072
39140
39157
39161
33841
16229
39202
39215
33187
39239
10362
39259
39269
14631
39280
26469
39297
39307
39327
39396
17774
39397
39429
39439
39462
39467
39476
39493
39515
23444
39535
30857
1009
39594
20209
39625
39637
17924
22482
39641
39663
39842
39870
39897
39908
39923
16270
39941
17875
8595
39961
39965
35353
40073
40181
40528
40814
40821
40822
26773
40859
40866
16222
40879
1221
40895
40909
40921
40926
41019
41054
41063
41113
41117
26487
41239
29037
41307
41338
41487
41872
23293
42069
26687
17151
26315
42207
42311
36950
42369
42371
7356
42441
42453
22487
42482
42486
42489
42524
19953
19969
42534
8779
42544
42547
42551
42554
35320
42605
42618
42688
42704
42991
43037
14104
43097
26471
43269
43277
43319
32237
43369
15635
43562
32986
43568
43675
43678
43684
43699
43790
43794
43800
17062
43835
26312
13165
43866
43930
43956
44030
28427
44081
44082
44143
44160
21756
44175
44190
44271
32871
44293
44304
44349
30349
44357
44385
44407
44417
9801
44466
17554
26343
31131
44603
8276
44650
20080
44686
44732
44786
44827
44844
1245
44859
36946
25906
44904
44920
44944
44946
28390
45045
45048
33221
45513
17874
45568
45589
45591
45640
45663
26041
46074
46089
46090
32765
36233
46511
44579
46651
11317
46884
47218
47257
16242
47348
47475
47483
21597
47553
70
47565
47602
47641
47781
47808
47820
47821
47985
47771
48757
22375
51381
19888
51659
15615
6314
29520
51693
7777
51754
51768
51816
51845
51894
51952
12355
52057
52086
52115
35881
52175
52206
29338
52209
52221
29674
10860
52615
52632
53011
53195
53624
53817
54011
47881
16932
51893
54095
54145
54213
54334
19897
42633
54382
10218
16294
54401
54425
54427
34959
35758
54444
34693
47259
33027
35777
54466
32735
33278
33169
54481
54495
54503
54528
54557
54559
54587
54593
54598
10166
54626
54646
3967
54649
54734
55022
55320
55376
55396
20844
8709
6209
55449
55519
52210
55651
55906
39937
56031
32321
56141
56143
33292
84
33862
56361
31954
56615
56826
26273
56946
7778
56972
56973
56976
47450
56992
7755
57020
39959
16291
57280
57435
57506
57541
39949
26750
57820
17087
16807
57939
17084
58136
58145
16938
21146
58260
58261
58478
1237
46835
5706
45360
25863
18720
17315
59018
28391
57493
32284
59331
59339
59351
40916
58406
12349
59705
59980
58343
60222
60253
17551
60966
61120
17648
61524
61588
61888
56803
62088
22583
62338
62343
62418
57774
35957
31724
62574
62580
62614
1209
16970
62660
62680
16996
8495
62900
62909
17294
17306
26529
62997
42937
63140
14255
63225
63228
63273
3738
20128
63408
45571
63578
63779
32728
36612
63839
63938
46684
14860
63961
29681
64031
64076
64119
30478
30776
64363
47754
64478
57256
64502
9621
64980
16118
35387
65174
65384
51656
65537
65581
17401
65957
65960
65965
17170
66556
66560
66571
23893
66930
17239
6810
8421
3455
67954
67955
43665
63292
26329
28629
68670
5284
22390
68754
17593
17893
65360
1090
1195
69697
65298
70055
19039
70312
70528
71018
26210
26283
46578
52011
71215
71225
17485
71510
71546
17856
71646
18977
71677
66355
56055
71737
58495
71890
3765
72033
35346
47251
17917
46348
72989
73119
9074
73407
58247
64937
73847
22553
73905
47546
74066
74107
68391
74462
74505
74594
74609
74621
74670
74674
27416
74683
33319
74703
74764
14878
29025
74820
75559
75582
58733
75688
75695
75700
58828
19135
76301
76486
76624
32019
77029
27074
78853
78936
78970
79017
79037
57472
37747
43336
79303
79324
79421
70733
25654
1758
69105
17816
79915
65369
79994
80000
80004
68606
81730
81925
82355
42191
69093
57273
82633
36452
82683
83172
83265
26342
84405
84416
30433
84624
84826
10230
84848
84853
84858
84884
84895
84897
85069
33152
18706
85318
21057
85858
85958
32032
86308
86538
19911
67733
1764
86819
86887
20162
23289
38935
46773
9034
88380
85
75867
17742
88949
89000
18010
14326
87523
89839
88864
90229
90641
47510
91001
91017
91084
91167
52000
17797
17244
22454
92042
35465
92085
92278
1765
92602
92727
92730
92732
92737
10190
92769
92770
12514
92814
17322
20951
87549
92890
22243
15553
11231
37667
15101
64025
4383
71003
93433
31752
1732
72731
17197
1193
56021
32653
21147
46367
26432
33223
97462
30891
97893
36732
15366
98006
98079
99713
27365
100106
100152
100175
100255
46668
35285
101075
10347
101392
70457
39317
39004
51397
102522
102558
102653
12663
15226
33175
33301
83051
103656
103691
103729
103734
103758
24198
103797
103966
103972
47458
104024
104050
32196
26901
71618
105358
9705
105937
39838
64254
10965
100339
17669
44999
26282
69584
24269
17376
16788
11897
57548
19497
107634
107653
107703
46346
42632
84406
108259
62463
108581
108591
27414
70675
22628
90678
49065
109521
29345
110109
87491
15440
63698
10928
112115
112368
112421
26532
112799
57941
26159
17966
58534
113582
29661
19237
32097
17564
114328
28461
115638
115658
8422
117086
61063
39064
1270
108840
40010
118150
118215
47316
76098
63087
119710
5265
17720
96910
70252
47872
121075
9298
69118
57802
16268
3628
121827
23421
58189
32890
122531
30517
122820
123097
26218
123367
62733
103639
123632
18155
8016
9527
59585
12292
73881
17221
61900
131586
58169
3633
6898
132857
5627
113337
134708
67950
134008
119692
58395
137286
58016
137446
19000
109506
138626
119289
92006
47484
9480
141985
43398
15534
9923
108019
142806
1199
96153
143325
144112
30920
145598
43171
145983
146017
146028
17481
56392
88686
17456
107183
151405
14099
28566
54548
19891
16319
40942
3742
107086
32610
25632
58121
94522
124356
26161
20137
1307
85602
56355
26357
43418
20119
24193
17686
17786
10833
17751
79902
63458
11681
93155
73979
45877
39951
119921
43360
18502
43486
157738
31745
82549
17161
32087
109831
56132
57769
41234
23865
26107
47755
3443
8859
11589
26252
58092
16951
26078
33075
17247
15340
19904
32246
62101
26255
20182
35722
31342
93168
47299
103781
26478
58271
17360
249691
90333
57814
15994
22388
78134
26458
57996
15123
27390
17855
96626
22806
57779
297619
19042
51746
29464
37298
