1221
1209
1199
1195
1193
989
1003
1090
654
1231
1237
1245
1270
1546
1732
1751
1758
1764
1765
1774
3443
3455
3628
3633
1030
3738
3742
3763
3765
3928
3967
3997
4364
4383
4588
4800
5265
5284
5314
5336
5369
392
3752
5552
5561
1450
5600
5627
5695
5706
5775
6016
969
6209
6221
1503
6268
6314
6898
7356
7367
7602
7668
7755
7773
7777
7778
801
8008
8011
8016
621
8064
8113
8231
8276
8421
8422
3739
8495
3424
8543
8595
8709
8779
1877
8855
8859
8936
9034
9074
9085
9230
9298
9480
9489
9490
9527
9537
9589
3658
9597
9621
8031
9651
9705
9799
9801
9805
2481
9825
9828
7958
9896
9899
9923
10166
10190
10207
10218
10229
10230
10270
10303
10362
10383
10452
10484
10550
9184
10647
10833
9809
10858
10860
10918
10928
10965
11030
11046
11050
11054
11184
11231
11317
11469
11589
571
11601
11681
10590
11897
4046
12040
1385
12131
12142
12292
12319
12349
12355
1760
9217
2346
12514
12663
13165
13300
13566
13596
8880
14099
14104
14255
3177
14326
14631
14774
14784
14788
14860
5257
14878
15101
15123
15208
15226
15340
15366
15440
10488
15534
367
15553
15589
15593
15615
15635
1805
2110
15754
15811
15994
9252
3836
16105
16118
16210
16224
16229
16242
16268
16270
16294
16319
16450
16461
16788
16807
16831
574
8676
16932
16938
16951
16970
15197
10908
17084
17087
17140
17151
17161
17170
17197
17221
17239
17244
17247
17269
17294
17306
17322
17341
17360
17369
17376
17391
17401
15659
17456
13791
17472
17481
17485
90
7819
17524
17538
10482
17551
17552
17554
17564
17570
17593
17600
17625
646
17648
17669
11071
17686
4802
11607
17720
17727
17742
17751
1217
17777
17784
17786
17797
17816
17824
17855
17856
17874
17875
17917
17924
17926
17966
17997
3784
18010
18071
18155
15656
18499
18502
371
17261
18662
18706
18720
18739
17747
18965
2876
17017
18977
19000
19039
19042
1009
19135
1421
16694
19237
17450
3657
19497
10548
19557
10448
19888
19891
19897
19903
19904
10194
19911
9673
10087
19953
19969
20010
12469
20080
9549
20119
20128
20137
20162
20170
20182
17503
20209
17296
17055
19801
20756
20844
20951
63
21051
21057
5269
21146
3802
21597
12557
16302
21756
22029
21276
890
22086
22375
22380
22388
22390
22392
22454
11254
22482
22487
22553
22583
22628
22662
22806
12835
22926
10385
5324
23289
23293
17071
16661
3998
23409
16933
9986
16937
23421
23422
12361
15460
17425
23722
23813
23865
23893
17969
24193
24198
24269
17659
15240
25632
25654
12017
2007
22239
25863
25906
26031
26041
12807
26078
16612
26107
853
17452
17336
26159
26161
26197
26210
26218
17533
26252
26255
26273
26282
26283
26312
26315
26319
26329
26342
26343
17774
26357
18016
26378
2468
1464
18277
18652
26432
26458
15490
26469
26471
26478
22971
26487
26529
26532
12182
26569
16437
26687
21148
3934
26750
26773
14722
26901
26955
27074
4769
27116
27283
27322
27365
27390
27414
27416
16222
10450
3846
1312
28029
15376
9426
28188
14859
28390
28391
19722
28427
28461
28566
28629
7366
27351
28955
22923
16544
29037
29129
12532
12623
29338
29345
12817
29464
17223
29520
29661
11502
29674
2953
17287
29681
17006
21472
30349
30433
30478
30517
30776
30790
30857
30891
30920
31131
9629
31342
31389
31442
31724
31745
31752
27822
15663
31954
32019
32032
21136
32087
32097
32196
32237
32246
32284
17315
32321
32610
32653
25650
32728
32735
32765
17893
978
32871
32890
32900
32986
33014
22169
33027
33075
74
1076
3873
33152
33169
33175
33187
16899
33221
19600
22397
9836
23196
33278
33292
10291
33301
15482
16283
10485
33319
16989
33841
33862
21884
12801
34693
34959
29542
16503
35285
33030
35320
9164
887
35346
35353
35387
35392
35465
16238
35722
35758
3358
35777
18022
35881
35957
20768
36165
21755
36233
36452
36612
17379
17496
30505
16885
26838
36946
36950
19057
24097
37298
5326
5039
37667
37694
11291
18752
1382
1480
22370
38935
16532
39004
20840
39064
26837
21964
39291
39317
4264
9846
39838
17061
38874
28444
17946
39949
39951
37017
17062
40010
1307
25794
34390
23250
26060
17222
17657
17713
9219
26178
40916
40942
41234
19073
16962
42191
42632
42633
1494
42937
8950
17388
21900
43171
22243
36678
19980
43336
43360
12519
43398
43418
39937
31062
43486
26214
5440
12491
43665
18963
44579
42453
16291
31484
42489
44999
25869
12598
12777
45360
23142
32616
45571
36298
26777
20136
21657
25745
33198
11019
3305
39594
22644
45877
44385
40859
15545
46346
46348
46367
5349
46578
23444
18685
46668
11246
16383
32843
44081
5343
46835
39396
47251
16228
47259
47299
47316
10113
33290
47450
47458
17778
47484
47510
12499
39959
47754
47755
5307
47771
15445
39535
47872
47881
4370
27509
16149
23812
49065
33880
17299
3226
3624
16284
51397
26661
51746
16431
21156
51893
2201
52000
52011
22908
45591
18664
52210
17441
8901
39961
9937
26387
54548
10341
54382
5448
11604
18792
11056
41063
11546
30947
16553
11128
29867
56021
56132
3747
3776
22292
56355
16511
34056
56803
15498
33717
40879
57256
57273
4044
57472
18473
17653
57493
17743
3277
57548
1523
36636
17754
1485
33720
57769
57774
57779
37593
57802
57814
20577
16857
16790
57941
57996
58016
43956
58092
16496
26630
58121
7338
43930
58169
58189
33500
58247
58271
9830
58395
58406
58495
58534
52175
17739
1239
17870
3011
20767
39439
58733
17763
9704
3371
58828
21911
10740
56392
39637
24317
16287
27375
28225
59585
12836
20016
1674
61063
60222
36077
34645
46884
17207
61900
39057
1039
62101
30956
62463
62733
40814
29682
63087
17773
3240
63458
12558
63698
2690
54011
6285
38976
37689
64025
55396
629
64254
23326
22134
26719
64937
18689
17909
65298
5309
65360
65369
27966
3672
20931
17785
17703
42482
17867
66355
32507
435
2135
21655
3039
15920
3958
33114
66560
4354
19131
3365
35885
22237
5300
44827
62909
67333
67733
67950
40528
71
29871
16780
1206
17973
16473
17759
68391
63140
9819
16991
33864
68606
39140
57020
26457
19193
33883
11100
18063
69093
15992
36616
69105
69118
21662
44904
9238
23337
3645
22373
47602
3024
28089
52632
69584
15476
9218
16390
70144
11521
17194
70252
37581
10072
70457
16997
17998
47821
19691
47553
46090
70675
57541
15497
22495
12534
70733
32812
3281
2171
54481
3651
71003
12688
63292
10347
21651
30370
11490
24272
11038
71618
16840
55906
4174
47475
9002
85
47348
72421
34466
17155
39908
34760
51816
34625
73881
3952
19808
73979
21147
71677
36325
26654
74932
38880
19884
41872
27485
15134
4094
29997
16865
75867
40822
12521
76098
41019
11595
5446
28055
42605
34133
16815
68754
22566
12811
16451
17733
23378
44190
1333
76624
47781
21675
54095
33539
78134
19067
28199
57280
40821
16841
25857
33979
12795
5598
33707
42069
23887
17434
43562
42618
22820
3844
18032
54213
10487
17936
55376
16783
13601
42369
57506
27816
78853
45640
3929
78970
12726
79902
34031
17173
63225
54626
19081
2740
15145
20161
2840
13972
3940
15400
2617
82549
20094
39259
59705
4131
43097
39493
2747
44030
56972
83051
1004
12536
45589
1306
62680
67955
34086
39397
4786
28426
84406
2897
9253
10327
3259
20294
75559
19115
9214
11199
36949
16823
85602
3943
26431
27536
6810
17233
16171
3961
1347
34728
3801
666
21292
39297
7611
12676
56055
39462
87491
87523
87549
21713
16585
21102
64076
66571
14840
17302
16465
29743
44732
17467
52086
17067
36475
88686
39870
9699
88864
36056
19703
36631
33538
52206
15223
90333
25916
31043
34125
1453
16026
90678
29463
17660
9977
60966
76486
39663
80000
79421
92006
10925
43277
54593
17058
12018
93155
93168
26767
12555
32893
14838
16514
36552
26836
8748
94522
74505
3954
96626
21689
96910
40921
92730
65174
74107
54649
1047
10968
100339
16904
38899
9201
33709
14937
22341
26581
55022
29292
11274
9449
18043
33811
51656
23729
29290
21033
1806
16875
103639
11971
12156
103781
61524
20849
18451
26625
16986
82683
15274
42704
52057
16389
17420
23823
4324
42554
107086
107183
108019
25179
73847
22142
34566
54646
108840
72033
84826
44357
17565
35101
10465
109506
23964
109831
20217
29025
90229
71510
18480
43568
17993
54495
65384
84853
3838
24648
9773
3153
39842
47218
1433
15377
17658
30766
45045
104050
97893
48757
62660
18971
15424
63938
113337
103797
26483
3966
92278
21432
103734
17438
16610
16674
7409
79037
15110
20593
22910
32617
24267
11472
3858
55320
33960
74683
54557
16838
17049
70055
98006
9786
16940
2975
99713
78936
39897
8713
25888
103691
74621
46511
44650
44603
11213
119289
3123
119692
102653
20040
42311
119921
9941
19901
9255
74066
23766
17826
1005
11090
36079
91001
33995
93433
51754
10510
46684
56615
14048
59331
26580
14846
33991
30466
18057
594
17232
19162
18076
31356
110109
29086
18687
121075
9414
17387
1410
15287
56946
85318
27797
9891
17454
57939
64363
54401
70528
79994
62088
38072
16816
73905
12711
16846
112799
3890
25668
8783
23969
86887
34633
44466
46074
21971
63228
86538
16715
17505
45048
18684
19007
4971
23881
3681
30484
43866
12467
21585
108581
134008
77029
21837
36732
17289
20617
59018
55519
9516
8005
59351
23325
61588
5268
3845
18903
20088
70312
11164
63839
55449
43684
58343
4186
134708
31125
33223
39327
43675
27899
16419
132857
4608
3799
15808
1416
35818
51952
21049
17934
4196
52221
30389
21419
30176
44946
34969
123097
15892
12390
34714
62580
56826
39625
9156
15182
17474
118150
62343
14934
24164
30371
46651
29990
52209
17304
16299
20024
12541
27855
1282
42524
61120
9469
33839
2610
17851
12691
17280
84
17381
17375
72
19077
44417
12572
30384
1365
39467
36317
112421
74674
16280
70
5447
2872
157738
33778
84895
4384
104024
82355
15910
34178
8878
74764
15658
40909
62900
26647
44686
75695
27506
73407
30926
9743
20607
19577
42207
58478
17897
17156
101075
891
11959
3878
24222
17807
17309
56992
910
79303
5593
5280
4357
53195
17183
9225
24185
38973
142806
17819
29939
36590
26642
71890
51768
25791
67954
5597
72989
5325
56031
36404
47565
39476
41487
26768
27359
17383
12480
16690
18906
73119
6305
112368
84405
90641
26627
38150
100255
12357
45568
9737
17806
103966
2505
23186
12556
11551
92042
3319
15468
23184
74462
9984
17367
17525
17000
15657
16459
74670
39051
4257
51894
62997
27847
53624
36587
3811
39641
12177
39215
24376
5631
47546
114328
14841
26617
92890
19113
1216
103656
17254
10583
29702
17009
69697
137446
20252
3042
16074
16423
75582
12490
16430
92770
105358
33095
143325
16906
10660
65957
16460
57820
380
15
2539
137286
74609
64119
26675
17809
105937
44160
3832
11538
23178
16941
3888
36058
9806
28398
10474
17837
26443
17402
102522
26743
84858
3728
57435
17240
36375
26352
101392
1467
23817
20764
60253
108259
3960
9237
41338
44349
54145
10568
914
47985
36599
16996
40181
39941
15389
37590
54466
5298
62574
25843
17661
26293
138626
27903
28915
12464
80004
17796
9824
92732
3342
112115
86819
1478
3977
4760
9216
20091
46773
1215
12359
42371
17808
5328
9777
107634
83172
9213
33461
26706
74820
9917
92737
65537
39157
2182
8725
